lv

6611611111, quod 11 ex 6111611166 1661661666161116 saeue 66161111. 816 11111111 111 116
1611111661, velim id quamprimum 6166666111 1111111111, num 6161616 11111 16 lumini·
6111, 66616 111 animus 61 1661111616. Constitui 1166116 6111166111616161 6116111666

scriptorem 1116111616, 61161 cum 1611, quas 11 611111616116, conjungi 6611161. som
6. 6. 1111111161. Mncxhu.

1161 11161 sig 61 disse Breve, 61 1611111611166611(1157511613),
611 1613 161 11111611 11111161 1 11611661 og 1620 11111161161161,111111661
61116 1111 og 1625 1161 166611 66166161161161111111616666111111, 61
1116 1 1625 166116666 161116611161 1 1161666166 61 1111666 1666
6161116 116161 og 166616 8111111611 11611116111111111111111116166111,
61116 16110 16111616116161 11111116 66666116 661, og ,1 30161166
6111616161 616 611 1166611, som 1616161116 111116 161 61661111 Tryk-
6166166166111661613. Hans 866 1611661111 111161166661. 1615,
11611111111111611611 1613, 11161 11 8166166161 11611161 61 31· 1161
1617 6616116161 111 61 1611161116 og 16166661 6111 166111 11166166,
1666 6616111 661 111116; 661 6111 16616661 1111 111 866666 B. (1.
1111116166. “ Ι

816161 1Κ1161166661 01161661 som Α11111111 11 111116; 66116166
6111661 66661661161166111111 Theodsicun, 11616 61611116 1116616161
116 1116 666111 6616161111 Gap. 1-19 - 11116166 611111. 1636 -1
11111661 1 Kbh. kgl. 111111. Kanaka 86161, No. 600111). 11166666
Index 61 den 1661166, 16111 116661 116111 111661 8611661661 1166616 (do ⁸
11 66661611161 111661 ester S'. 76), 6611611166 11 6611661 1 1116616,
1116 jog ikke 111111 661, 11 66111 11666116 61116111 61161116 61111·
11611111 [1111161661 1111111111 1161 1161-166666661116 81666111111 61
11666616611111116 166 111 8166111161 1666 11666116 og 6166 11611161·
111111166661116161, 1616 1 11666166 61 1111111111 66116611 16116 Tex-
166, 1161116611 61 1616 1111116116 61161 11611611111111666661111111111ς
jug 161 66166 166 [1666116611161 [1111166111 Bibliothek 11116611 1166·Ι
6161116,11Α11111111116 61 6616116111 110Κί1116666 Jacob Μ6161
’ 1. 1662, † 17111. ·

1161 116166111111, 1661 11611161 1611 11111666611 1166611111, 61
116611611 1611166666 1666 661 161661111611616611111111616 8116111·
6161’1 81666 1 11161 egen 8661116661 1611616616 611Α11111111 661-
61. 116116161, 8116166161 har 11116111 1 66116 [161111166116116-
116661 6116 1 Β. G. 111111116661 1166116 1116611 16111 1 Ρ611611166,
11116661 ingen 61 dem 11 6616666 11. 111161161661116161116 6. 16361
6611166 661161 ingen Tvivl 11616116,618116166161 1616616161111
116116 111 1111116166 og i 1161111 11 1611 66661 1161 61116116161,
1111116 dn 11 111111116166 11 16616116 1 11661 11111111 og 116 61666

 

