m

53 1515555515155, 11 115115155551 51111111 53 Η551155 1551111115511155.
25511 115555 115 1115155 51 1455 55155551555 5511155 skrevet 115113
111311515115115 51 1317 (1131111131. 111, 153), 3515115555(1551·
11513) kun 511155181311115 5111 Edon efter (1515151535 5115155151, 455
115555 115 15511 11511551 51 1555 55155551555 551 5515 15511551
115115155551 51151 55555555151511, 5515111151511555555551151Η115· ·
5111511, 555 115515 115 14513 515 53 6151155115 1155151515355 51 1555
15155551555 1151· 1135155115 1111515135115155551, 555 515515 115 1491 ;
755 1155115(11531555551115551555515555 † 1559) 1151 31511 Τ1115151551
11151 53551 1 1153511, 55115155511 Κ5155551151, 5151511555 115111551 515
113 5511 115531. 337 (1111115 1 ,Ρ515511515ἱ5151151’1155511111“ Ι, S. 119
-50 5155 55 5511515 Τ11153) 5515155315 1551151151115551ς 855 115555
(111111 315555555511 1574,11551115115 1155 5111115513) 551 pau. 155-
5115515 1555 mado 151511 Κ51555511511 1550 5551551551111511515515-
315151 51515555115155, 53 955 1155115 (5535155555 Ρ15511551111155
1 811511 † 1596) 1151 113515555 15155 3151101153551551551 15155- 53
111515553ιὶ13 15151111515111115151115115155551 115 1655 55155551555
(1155151111 1589), 115311151 5151 11511515555155, 5511 551515 115535·Ι ⁶

181115 fil Fredrik 11 (5155151 S. LV) 555151555515151115155 51511551 ’
115135 5311551555 (51151 (155. 1515. 322, 15 55555151). ·

55151555511155 55 151515 made 51111551511155551531 155 55515
11511551. (1555111 535511135 8111151 (1515 1155115) 551 51511551551 ,
5351111135 11155155 111 511 3511111311555, 551551 ,5155155151“ Kalen·
551511, 1555115151 55 1111151135 155155351 5515131511 55 1551551135
511155551515111153(55115 aquario, 5515555155151515.); 553 551
55111155 ved 55 15115535, 1551 515111555511 555 1155351135 (11515-
151535) 5115155151, 151 ,1131115“. 855515 551· 5111115155 1511 (5155 5511
mah) 11115151 511 Rana 555151 555 11515115 Kirka 515555511355511-
511351 sonore 11511551 115 5. 1359, 1. 1100 53511511151 (nde
1155115 5155151) 551551113515151531155111515555115115 15511515, 1555555

051155115155 51 1111111555 5511 51 55 115555 115 51330, 5511 5125511 ι

1155115 115 5. 1350 53 5515 5555113 51 15551 1155515155.

2. Codex Δ. 11. 13351. 1151 5511555113 11531511 65 codex
1555 311111. 53 1145 qv. 53155555151 5115151551153511555115 Op·
tmolum-⁸:

*n——a--u- -ι

¹ 5511515551155 1155 115115 „festum 1115511 patris nostri Benedicti“.

⁸ 5511511551 155 1151· November: transitus 1155155151351511515315501 Dronning
511131515 51 95511555 † 15555511515111111. 11ᾱώ1. 15511 naue 11 5 ³7⁷.

¹ 55 Ρ. 55151155185151· 11111. 1, 111.

 

