Roma 231. 16211. 10211.
Romana 11111111 161. 5211.
- historia 121. 52'. 53⁶.
Romani 1511. 101. 2711. 5111.
611111ομ111 10311.
6111111111 22111. 12611.
1111111 1311. 28111. 0011. 151. 5711. 11311.
12011. 1211. 1301111. 1121.11611.
amabit 77².

6.1., 111111..

6111111111 117111. 16311.

61111 16311.

61111111 167.

6111111111 165κ66.

6111111111111 2611.

6111 1111.

6111111621.

61111111 1711. 6011.

6111111111 201.

6111111 2111. 601.

611111111111991.

611111 (61111) 11311. 11711. 13711.

6111111(611111)2111. 11311. 1171.

1111111111.

611111 1111.

61111 901.

6111116211. 6611. 691. 901. 11911.

1111111111.

6111111 1111.

11111271.

6111111701.

6171111111.

1111111111 191.

61111261. 117-52. 177.

son-vel 1951.

nequam 11.

6111111111111. 1901.

torpens lom· 1161.

61111111 16511.

6111015711.

6111116511.

sigfridus ep. 12111.

6111511111 (1115011111 11.

613111111 (6111111111, 61311111).
- 11111111. 1901.

111111 ladem 111. 11111.

209

613111111111 01111. 1611-1711, 1161.
- ep. Borg, 1711. 1751.

61111111 (Jondefare) 6311-

611. 651-6711. 16211. 16111.

11. 61111601.
111113111111011.

11111111· 1611.

1111111 (11111) 1061. 10711. 1061.
1621.
(11.1)1111111111111111
- 1111113111611. η
11111011. 10011.

111111 (1]1)261. 10911.

“ - 1111111621.

Signum 11111111. 17511.

6111111111 1111111 1651.

61111101.

61111, 611111, vide 611-

6111 1101.

6111111951.

6111111 imula 6711.

6111111111 11111 8711.

6111316111 561. 6011.

steinkel 611.

Stephanus 11111. Lyn. 17511.
- protomartyr 1111.

111111011111111 1121.

[walamer 11. 111». mu.
1111111.. 11.

1111111101.

suum imula 14¹.
61111111 111111 117-52,
6111311111 9711.

611111 (611111, 61111).

- 5113311111151.

·- 111 Eunoni! 11111111 2111-11. 2511.
2711. 281-1. 111. 11511. 11011.
1621. 16111.

-· 0111111111 4111111111 611 1.

- 111. 11111631113911. 111-11. 1511.
161. 5111. 551111. 561. 1231. 16211.
1611.

- 11. 61311111 1961.

- 1101111611. 1911. 511.

- 1111111111 2311. 2111. 2911. 11511.
1171·11.1181·-11.11911.12011-711.

 

